{
 "cells": [
  {
   "cell_type": "markdown",
   "metadata": {},
   "source": [
    "## Minimize and equilibrate\n",
    " - Minimize\n",
    " - Equilibrate\n",
    " \n",
    " Sanity checks along the way.\n",
    " \n",
    " Protocol files are copied from https://github.com/intbio/gmx_protocols/tree/master/amber into\n",
    "Protocols folder.\n",
    "If others are needed modify then in the folder.\n",
    "\n",
    "Theoretically this notebook could be exectuted in a single step, but it is unclear currently how stable the execution of the notebook is if you close browser window or connection in interrupted.\n",
    "\n",
    "An alternative is to run from a persistent (opened via X2Go or using Tmux) terminal as\n",
    "\n",
    "```\n",
    "jupyter nbconvert --ExecutePreprocessor.timeout=72000 --ExecutePreprocessor.kernel_name=python3 --to notebook --execute 2_min_equil.ipynb --output 2_min_equil.ipynb\n",
    "```\n",
    "\n"
   ]
  },
  {
   "cell_type": "code",
   "execution_count": 1,
   "metadata": {},
   "outputs": [
    {
     "data": {
      "text/markdown": [
       "\n",
       "# MD simulations of H3-H4 with 30 bp of DNA, tails truncated\n",
       "- AMBER14SB force field\n",
       "- 50 mM NaCl\n",
       "- box 2nm\n"
      ],
      "text/plain": [
       "<IPython.core.display.Markdown object>"
      ]
     },
     "metadata": {},
     "output_type": "display_data"
    },
    {
     "name": "stdout",
     "output_type": "stream",
     "text": [
      "Folder set to:  h3-h4_tm_DNA\n",
      "Project name:  h3-h4_tm_DNA\n",
      "SSH host set to: lomo2\n"
     ]
    }
   ],
   "source": [
    "#Libraries and main variables initialized\n",
    "import MDAnalysis as mda\n",
    "from MDAnalysis.analysis import align\n",
    "from MDAnalysis.analysis.rms import rmsd\n",
    "import numpy as np\n",
    "import urllib.request, json\n",
    "import os\n",
    "import re\n",
    "import nglview as nv\n",
    "from funcs import get_files_from_git\n",
    "from funcs import view_nucl\n",
    "\n",
    "#Reloading funcs if changed\n",
    "from importlib import reload \n",
    "import funcs,config\n",
    "reload(funcs)\n",
    "reload(config)\n",
    "\n",
    "\n",
    "\n",
    "%matplotlib inline\n",
    "\n",
    "from IPython.display import Markdown, display\n",
    "from config import folder,descr,pname,ssh_host\n",
    "display(Markdown(descr))\n",
    "print(\"Folder set to: \",folder)\n",
    "print(\"Project name: \",pname)\n",
    "print(\"SSH host set to:\",ssh_host)\n",
    "\n"
   ]
  },
  {
   "cell_type": "markdown",
   "metadata": {},
   "source": [
    "### 1_Minimization - steepest descent gradient method 10000 steps with POSRED constraints"
   ]
  },
  {
   "cell_type": "markdown",
   "metadata": {},
   "source": [
    "#### Prepare tpr files using GROMPP\n",
    "- http://manual.gromacs.org/documentation/current/onlinehelp/gmx-grompp.html"
   ]
  },
  {
   "cell_type": "code",
   "execution_count": 3,
   "metadata": {},
   "outputs": [
    {
     "name": "stdout",
     "output_type": "stream",
     "text": [
      "turning all bonds into constraints...\n",
      "turning all bonds into constraints...\n",
      "turning all bonds into constraints...\n",
      "turning all bonds into constraints...\n",
      "turning all bonds into constraints...\n",
      "turning all bonds into constraints...\n",
      "turning all bonds into constraints...\n",
      "Calculating fourier grid dimensions for X Y Z\n",
      "Using a fourier grid of 112x112x112, spacing 0.118 0.118 0.118\n",
      "This run will generate roughly 120 Mb of data\n"
     ]
    },
    {
     "name": "stderr",
     "output_type": "stream",
     "text": [
      "                      :-) GROMACS - gmx grompp, 2018.3 (-:\n",
      "\n",
      "                            GROMACS is written by:\n",
      "     Emile Apol      Rossen Apostolov      Paul Bauer     Herman J.C. Berendsen\n",
      "    Par Bjelkmar    Aldert van Buuren   Rudi van Drunen     Anton Feenstra  \n",
      "  Gerrit Groenhof    Aleksei Iupinov   Christoph Junghans   Anca Hamuraru   \n",
      " Vincent Hindriksen Dimitrios Karkoulis    Peter Kasson        Jiri Kraus    \n",
      "  Carsten Kutzner      Per Larsson      Justin A. Lemkul    Viveca Lindahl  \n",
      "  Magnus Lundborg   Pieter Meulenhoff    Erik Marklund      Teemu Murtola   \n",
      "    Szilard Pall       Sander Pronk      Roland Schulz     Alexey Shvetsov  \n",
      "   Michael Shirts     Alfons Sijbers     Peter Tieleman    Teemu Virolainen \n",
      " Christian Wennberg    Maarten Wolf   \n",
      "                           and the project leaders:\n",
      "        Mark Abraham, Berk Hess, Erik Lindahl, and David van der Spoel\n",
      "\n",
      "Copyright (c) 1991-2000, University of Groningen, The Netherlands.\n",
      "Copyright (c) 2001-2017, The GROMACS development team at\n",
      "Uppsala University, Stockholm University and\n",
      "the Royal Institute of Technology, Sweden.\n",
      "check out http://www.gromacs.org for more information.\n",
      "\n",
      "GROMACS is free software; you can redistribute it and/or modify it\n",
      "under the terms of the GNU Lesser General Public License\n",
      "as published by the Free Software Foundation; either version 2.1\n",
      "of the License, or (at your option) any later version.\n",
      "\n",
      "GROMACS:      gmx grompp, version 2018.3\n",
      "Executable:   /opt/miniconda3/envs/moldyn/bin/gmx\n",
      "Data prefix:  /opt/miniconda3/envs/moldyn\n",
      "Working dir:  /home/_shared/_projects/gmx_template\n",
      "Command line:\n",
      "  gmx grompp -f MDProtocols/1_minim.mdp -c GMX_system/init_solv_ions.pdb -p GMX_system/topol.top -o GMX_run/1_minim.tpr -r GMX_system/init_solv_ions.pdb -n GMX_system/index.ndx -po GMX_run/mdout_1_minim.mdp\n",
      "\n",
      "\n",
      "NOTE 1 [file MDProtocols/1_minim.mdp]:\n",
      "  You have set rlist larger than the interaction cut-off, but you also have\n",
      "  verlet-buffer-tolerance > 0. Will set rlist using verlet-buffer-tolerance.\n",
      "\n",
      "\n",
      "NOTE 2 [file MDProtocols/1_minim.mdp]:\n",
      "  Setting tcoupl from 'V-rescale' to 'no'. Temperature coupling does not\n",
      "  apply to steep.\n",
      "\n",
      "\n",
      "NOTE 3 [file MDProtocols/1_minim.mdp]:\n",
      "  Setting pcoupl from 'Parrinello-Rahman' to 'no'. Pressure coupling does\n",
      "  not apply to steep.\n",
      "\n",
      "Setting the LD random seed to 1448805575\n",
      "Generated 4345 of the 4371 non-bonded parameter combinations\n",
      "Generating 1-4 interactions: fudge = 0.5\n",
      "Generated 4371 of the 4371 1-4 parameter combinations\n",
      "Excluding 3 bonded neighbours molecule type 'DNA_chain_I'\n",
      "Excluding 3 bonded neighbours molecule type 'DNA_chain_J'\n",
      "Excluding 3 bonded neighbours molecule type 'Protein_chain_A'\n",
      "Excluding 3 bonded neighbours molecule type 'Protein_chain_B'\n",
      "Excluding 2 bonded neighbours molecule type 'SOL'\n",
      "Excluding 2 bonded neighbours molecule type 'SOL'\n",
      "Excluding 2 bonded neighbours molecule type 'SOL'\n",
      "Excluding 2 bonded neighbours molecule type 'SOL'\n",
      "Excluding 2 bonded neighbours molecule type 'SOL'\n",
      "Excluding 2 bonded neighbours molecule type 'SOL'\n",
      "Excluding 2 bonded neighbours molecule type 'SOL'\n",
      "Excluding 2 bonded neighbours molecule type 'SOL'\n",
      "Excluding 2 bonded neighbours molecule type 'SOL'\n",
      "Excluding 1 bonded neighbours molecule type 'NA'\n",
      "Excluding 1 bonded neighbours molecule type 'CL'\n",
      "Removing all charge groups because cutoff-scheme=Verlet\n",
      "Pull group 1 'a_11' has 1 atoms\n",
      "Pull group 2 'a_1946' has 1 atoms\n",
      "Pull group 3 'a_962' has 1 atoms\n",
      "Pull group 4 'a_993' has 1 atoms\n",
      "Number of degrees of freedom in T-Coupling group System is 350357.00\n",
      "Pull group  natoms  pbc atom  distance at start  reference at t=0\n",
      "       1         1         0\n",
      "       2         1         0       0.915 nm          0.915 nm\n",
      "       3         1         0\n",
      "       4         1         0       0.883 nm          0.883 nm\n",
      "Estimate for the relative computational load of the PME mesh part: 0.28\n",
      "\n",
      "There were 3 notes\n",
      "\n",
      "Back Off! I just backed up GMX_run/1_minim.tpr to GMX_run/#1_minim.tpr.1#\n",
      "\n",
      "GROMACS reminds you: \"It has been discovered that C++ provides a remarkable facility for concealing the trivial details of a program - such as where its bugs are.\" (David Keppel)\n",
      "\n"
     ]
    }
   ],
   "source": [
    "%%bash\n",
    "#Prepare system\n",
    "rm -rf GMX_run\n",
    "mkdir -p GMX_run\n",
    "gmx grompp -f MDProtocols/1_minim.mdp -c GMX_system/init_solv_ions.pdb -p GMX_system/topol.top \\\n",
    "-o GMX_run/1_minim.tpr -r GMX_system/init_solv_ions.pdb -n GMX_system/index.ndx -po GMX_run/mdout_1_minim.mdp\n"
   ]
  },
  {
   "cell_type": "markdown",
   "metadata": {},
   "source": [
    "#### Run: Option 1 - locally\n",
    "Note: try to run on a small number of CPUs with no GPUs, because system in non-equilibrated."
   ]
  },
  {
   "cell_type": "code",
   "execution_count": null,
   "metadata": {},
   "outputs": [],
   "source": [
    "#First steps often require troubleshooting and looking in vmd at the structure.\n",
    "#Let's generate usefull commands that can be used on your local machine.\n",
    "dir=!pwd\n",
    "newton_user=!whoami\n",
    "print(\"rm -r GMX_run\")\n",
    "print(\"rsync -avz %s@newton.bioeng.ru:%s/GMX_run .\"%(newton_user[0],dir[0]))\n",
    "print(\"vmd GMX_run/1_minim.gro GMX_run/1_minim.trr\")"
   ]
  },
  {
   "cell_type": "code",
   "execution_count": 6,
   "metadata": {},
   "outputs": [
    {
     "name": "stderr",
     "output_type": "stream",
     "text": [
      "                      :-) GROMACS - gmx mdrun, 2018.3 (-:\n",
      "\n",
      "                            GROMACS is written by:\n",
      "     Emile Apol      Rossen Apostolov      Paul Bauer     Herman J.C. Berendsen\n",
      "    Par Bjelkmar    Aldert van Buuren   Rudi van Drunen     Anton Feenstra  \n",
      "  Gerrit Groenhof    Aleksei Iupinov   Christoph Junghans   Anca Hamuraru   \n",
      " Vincent Hindriksen Dimitrios Karkoulis    Peter Kasson        Jiri Kraus    \n",
      "  Carsten Kutzner      Per Larsson      Justin A. Lemkul    Viveca Lindahl  \n",
      "  Magnus Lundborg   Pieter Meulenhoff    Erik Marklund      Teemu Murtola   \n",
      "    Szilard Pall       Sander Pronk      Roland Schulz     Alexey Shvetsov  \n",
      "   Michael Shirts     Alfons Sijbers     Peter Tieleman    Teemu Virolainen \n",
      " Christian Wennberg    Maarten Wolf   \n",
      "                           and the project leaders:\n",
      "        Mark Abraham, Berk Hess, Erik Lindahl, and David van der Spoel\n",
      "\n",
      "Copyright (c) 1991-2000, University of Groningen, The Netherlands.\n",
      "Copyright (c) 2001-2017, The GROMACS development team at\n",
      "Uppsala University, Stockholm University and\n",
      "the Royal Institute of Technology, Sweden.\n",
      "check out http://www.gromacs.org for more information.\n",
      "\n",
      "GROMACS is free software; you can redistribute it and/or modify it\n",
      "under the terms of the GNU Lesser General Public License\n",
      "as published by the Free Software Foundation; either version 2.1\n",
      "of the License, or (at your option) any later version.\n",
      "\n",
      "GROMACS:      gmx mdrun, version 2018.3\n",
      "Executable:   /opt/miniconda3/envs/moldyn/bin/gmx\n",
      "Data prefix:  /opt/miniconda3/envs/moldyn\n",
      "Working dir:  /home/_shared/_projects/gmx_template/GMX_run\n",
      "Command line:\n",
      "  gmx mdrun -nt 30 -deffnm 1_minim\n",
      "\n",
      "\n",
      "Back Off! I just backed up 1_minim.log to ./#1_minim.log.5#\n",
      "Compiled SIMD: SSE2, but for this host/run AVX2_256 might be better (see log).\n",
      "The current CPU can measure timings more accurately than the code in\n",
      "gmx mdrun was configured to use. This might affect your simulation\n",
      "speed as accurate timings are needed for load-balancing.\n",
      "Please consider rebuilding gmx mdrun with the GMX_USE_RDTSCP=ON CMake option.\n",
      "Reading file 1_minim.tpr, VERSION 2018.3 (single precision)\n",
      "\n",
      "NOTE: disabling dynamic load balancing as it is only supported with dynamics, not with integrator 'steep'.\n",
      "\n",
      "\n",
      "Will use 20 particle-particle and 10 PME only ranks\n",
      "This is a guess, check the performance at the end of the log file\n",
      "\n",
      "Using 30 MPI threads\n",
      "Using 1 OpenMP thread per tMPI thread\n",
      "\n",
      "\n",
      "NOTE: The number of threads is not equal to the number of (logical) cores\n",
      "      and the -pin option is set to auto: will not pin threads to cores.\n",
      "      This can lead to significant performance degradation.\n",
      "      Consider using -pin on (and -pinoffset in case you run multiple jobs).\n",
      "\n",
      "Back Off! I just backed up 1_minim.trr to ./#1_minim.trr.5#\n",
      "\n",
      "Back Off! I just backed up 1_minim.edr to ./#1_minim.edr.5#\n",
      "\n",
      "Steepest Descents:\n",
      "   Tolerance (Fmax)   =  1.00000e+02\n",
      "   Number of steps    =        10000\n",
      "\n",
      "step 11: One or more water molecules can not be settled.\n",
      "Check for bad contacts and/or reduce the timestep if appropriate.\n",
      "Wrote pdb files with previous and current coordinates\n",
      "\n",
      "Step 13, time 0.026 (ps)  LINCS WARNING\n",
      "relative constraint deviation after LINCS:\n",
      "rms 0.000020, max 0.000362 (between atoms 109 and 110)\n",
      "bonds that rotated more than 30 degrees:\n",
      " atom 1 atom 2  angle  previous, current, constraint length\n",
      "    109    110   38.1    0.1080   0.1080      0.1080\n",
      "\n",
      "Step 13, time 0.026 (ps)  LINCS WARNING\n",
      "relative constraint deviation after LINCS:\n",
      "rms 0.000004, max 0.000038 (between atoms 106 and 116)\n",
      "bonds that rotated more than 30 degrees:\n",
      " atom 1 atom 2  angle  previous, current, constraint length\n",
      "    109    110   38.1    0.1080   0.1080      0.1080\n",
      "\n",
      "step 17: One or more water molecules can not be settled.\n",
      "Check for bad contacts and/or reduce the timestep if appropriate.\n",
      "Wrote pdb files with previous and current coordinates\n",
      "\n",
      "Step 20, time 0.04 (ps)  LINCS WARNING\n",
      "relative constraint deviation after LINCS:\n",
      "rms 0.000008, max 0.000099 (between atoms 106 and 107)\n",
      "bonds that rotated more than 30 degrees:\n",
      " atom 1 atom 2  angle  previous, current, constraint length\n",
      "    107    108   33.5    0.1080   0.1080      0.1080\n",
      "\n",
      "Step 20, time 0.04 (ps)  LINCS WARNING\n",
      "relative constraint deviation after LINCS:\n",
      "rms 0.000004, max 0.000039 (between atoms 104 and 106)\n",
      "bonds that rotated more than 30 degrees:\n",
      " atom 1 atom 2  angle  previous, current, constraint length\n",
      "    107    108   33.5    0.1080   0.1080      0.1080\n",
      "\n",
      "Step 21, time 0.042 (ps)  LINCS WARNING\n",
      "relative constraint deviation after LINCS:\n",
      "rms 0.647439, max 9.664992 (between atoms 107 and 108)\n",
      "bonds that rotated more than 30 degrees:\n",
      " atom 1 atom 2  angle  previous, current, constraint length\n",
      "    101    103   60.6    0.1410   0.2090      0.1410\n",
      "    103    104   80.2    0.1410   0.2308      0.1410\n",
      "    104    105   72.1    0.1090   0.1464      0.1090\n",
      "    104    120   67.1    0.1526   0.2044      0.1526\n",
      "    118    120   37.1    0.1526   0.1790      0.1526\n",
      "    120    121   48.7    0.1090   0.1416      0.1090\n",
      "    120    122   45.5    0.1090   0.1388      0.1090\n",
      "    104    106   81.7    0.1475   0.2118      0.1475\n",
      "    106    107  122.1    0.1365   1.0795      0.1365\n",
      "    106    116   48.6    0.1383   0.1555      0.1383\n",
      "    116    117   63.0    0.1229   0.1641      0.1229\n",
      "    107    108  121.9    0.1080   1.1518      0.1080\n",
      "    107    109  126.8    0.1350   0.9354      0.1350\n",
      "    115    116   35.8    0.1358   0.1671      0.1358\n",
      "    109    110   87.5    0.1080   0.1172      0.1080\n",
      "    109    111  112.5    0.1433   0.4180      0.1433\n",
      "    111    112   93.4    0.1340   0.2638      0.1340\n",
      "    112    113   82.4    0.1010   0.1785      0.1010\n",
      "    112    114   76.1    0.1010   0.1705      0.1010\n",
      "\n",
      "Step 21, time 0.042 (ps)  LINCS WARNING\n",
      "relative constraint deviation after LINCS:\n",
      "rms 0.039254, max 0.636695 (between atoms 103 and 104)\n",
      "bonds that rotated more than 30 degrees:\n",
      " atom 1 atom 2  angle  previous, current, constraint length\n",
      "    101    103   60.6    0.1410   0.2090      0.1410\n",
      "    103    104   80.2    0.1410   0.2308      0.1410\n",
      "\n",
      "step 21: One or more water molecules can not be settled.\n",
      "Check for bad contacts and/or reduce the timestep if appropriate.\n",
      "    106    116   48.6    0.1383   0.1555      0.1383\n",
      "    106    107  122.1    0.1365   1.0795      0.1365\n",
      "    107    108  121.9    0.1080   1.1518      0.1080\n",
      "    107    109  126.8    0.1350   0.9354      0.1350\n",
      "    109    110   87.5    0.1080   0.1172      0.1080\n",
      "    109    111  112.5    0.1433   0.4180      0.1433\n",
      "    111    112   93.4    0.1340   0.2638      0.1340\n",
      "    115    116   35.8    0.1358   0.1671      0.1358\n",
      "    112    113   82.4    0.1010   0.1785      0.1010\n",
      "    112    114   76.1    0.1010   0.1705      0.1010\n",
      "    116    117   63.0    0.1229   0.1641      0.1229\n",
      "    118    120   37.1    0.1526   0.1790      0.1526\n",
      "    120    121   48.7    0.1090   0.1416      0.1090\n",
      "    120    122   45.5    0.1090   0.1388      0.1090\n",
      "    104    105   72.1    0.1090   0.1464      0.1090\n",
      "    104    106   81.7    0.1475   0.2118      0.1475\n",
      "    104    120   67.1    0.1526   0.2044      0.1526\n",
      "Wrote pdb files with previous and current coordinates\n",
      "Wrote pdb files with previous and current coordinates\n",
      "\n",
      "Step 24, time 0.048 (ps)  LINCS WARNING\n",
      "relative constraint deviation after LINCS:\n",
      "rms 0.255646, max 3.296867 (between atoms 107 and 108)\n",
      "bonds that rotated more than 30 degrees:\n",
      " atom 1 atom 2  angle  previous, current, constraint length\n",
      "    104    106   40.5    0.1475   0.1815      0.1475\n",
      "    106    107  109.5    0.1366   0.4646      0.1365\n",
      "    106    116   46.0    0.1383   0.1726      0.1383\n",
      "    107    108  115.4    0.1080   0.4641      0.1080\n",
      "    107    109  117.4    0.1351   0.5408      0.1350\n",
      "    109    110   99.6    0.1081   0.2207      0.1080\n",
      "    109    111   87.9    0.1433   0.2684      0.1433\n",
      "    111    112   58.1    0.1340   0.2146      0.1340\n",
      "    111    115   62.1    0.1339   0.2069      0.1339\n",
      "    112    113   41.6    0.1010   0.1300      0.1010\n",
      "    112    114   43.7    0.1010   0.1316      0.1010\n",
      "\n",
      "Step 24, time 0.048 (ps)  LINCS WARNING\n",
      "relative constraint deviation after LINCS:\n",
      "rms 0.010214, max 0.248055 (between atoms 106 and 116)\n",
      "bonds that rotated more than 30 degrees:\n",
      " atom 1 atom 2  angle  previous, current, constraint length\n",
      "    106    116   46.0    0.1383   0.1726      0.1383\n",
      "    106    107  109.5    0.1366   0.4646      0.1365\n",
      "    107    108  115.4    0.1080   0.4641      0.1080\n",
      "    107    109  117.4    0.1351   0.5408      0.1350\n",
      "    109    110   99.6    0.1081   0.2207      0.1080\n",
      "    109    111   87.9    0.1433   0.2684      0.1433\n",
      "    111    112   58.1    0.1340   0.2146      0.1340\n",
      "    111    115   62.1    0.1339   0.2069      0.1339\n",
      "    112    113   41.6    0.1010   0.1300      0.1010\n",
      "    112    114   43.7    0.1010   0.1316      0.1010\n",
      "    104    106   40.5    0.1475   0.1815      0.1475\n",
      "Wrote pdb files with previous and current coordinates\n",
      "\n",
      "Step 30, time 0.06 (ps)  LINCS WARNING\n",
      "relative constraint deviation after LINCS:\n",
      "rms 0.126104, max 1.666561 (between atoms 107 and 109)\n",
      "bonds that rotated more than 30 degrees:\n",
      " atom 1 atom 2  angle  previous, current, constraint length\n",
      "    106    107   75.7    0.1365   0.2316      0.1365\n",
      "    116    117   34.6    0.1229   0.1321      0.1229\n",
      "    107    108  106.7    0.1080   0.2474      0.1080\n",
      "    107    109  118.5    0.1350   0.3600      0.1350\n",
      "    115    116   46.0    0.1358   0.1531      0.1358\n",
      "    109    110  102.3    0.1080   0.2290      0.1080\n",
      "    109    111   74.0    0.1433   0.2341      0.1433\n",
      "    111    112   49.5    0.1340   0.1786      0.1340\n",
      "    111    115   52.9    0.1339   0.1706      0.1339\n",
      "    112    113   49.9    0.1010   0.1244      0.1010\n",
      "    112    114   56.9    0.1010   0.1280      0.1010\n",
      "\n",
      "Step 30, time 0.06 (ps)  LINCS WARNING\n",
      "relative constraint deviation after LINCS:\n",
      "rms 0.005268, max 0.127074 (between atoms 115 and 116)\n",
      "bonds that rotated more than 30 degrees:\n",
      " atom 1 atom 2  angle  previous, current, constraint length\n",
      "    106    107   75.7    0.1365   0.2316      0.1365\n",
      "    107    108  106.7    0.1080   0.2474      0.1080\n",
      "    107    109  118.5    0.1350   0.3600      0.1350\n",
      "    109    110  102.3    0.1080   0.2290      0.1080\n",
      "    109    111   74.0    0.1433   0.2341      0.1433\n",
      "    111    112   49.5    0.1340   0.1786      0.1340\n",
      "    111    115   52.9    0.1339   0.1706      0.1339\n",
      "    115    116   46.0    0.1358   0.1531      0.1358\n",
      "    112    113   49.9    0.1010   0.1244      0.1010\n",
      "    112    114   56.9    0.1010   0.1280      0.1010\n",
      "    116    117   34.6    0.1229   0.1321      0.1229\n",
      "Wrote pdb files with previous and current coordinates\n",
      "\n",
      "Step 34, time 0.068 (ps)  LINCS WARNING\n",
      "relative constraint deviation after LINCS:\n",
      "rms 0.000096, max 0.001231 (between atoms 107 and 109)\n",
      "bonds that rotated more than 30 degrees:\n",
      " atom 1 atom 2  angle  previous, current, constraint length\n",
      "    106    116   48.5    0.1383   0.1384      0.1383\n",
      "    107    109   44.6    0.1350   0.1352      0.1350\n",
      "    115    116   30.2    0.1358   0.1359      0.1358\n",
      "    109    111   30.8    0.1433   0.1434      0.1433\n",
      "    112    113   31.7    0.1010   0.1011      0.1010\n",
      "\n",
      "Step 34, time 0.068 (ps)  LINCS WARNING\n",
      "relative constraint deviation after LINCS:\n",
      "rms 0.000030, max 0.000715 (between atoms 106 and 116)\n",
      "bonds that rotated more than 30 degrees:\n",
      " atom 1 atom 2  angle  previous, current, constraint length\n",
      "    106    116   48.5    0.1383   0.1384      0.1383\n",
      "    107    109   44.6    0.1350   0.1352      0.1350\n",
      "    109    111   30.8    0.1433   0.1434      0.1433\n",
      "    115    116   30.2    0.1358   0.1359      0.1358\n",
      "    112    113   31.7    0.1010   0.1011      0.1010\n",
      "\n",
      "Step 35, time 0.07 (ps)  LINCS WARNING\n",
      "relative constraint deviation after LINCS:\n",
      "rms 0.000003, max 0.000014 (between atoms 120 and 122)\n",
      "bonds that rotated more than 30 degrees:\n",
      " atom 1 atom 2  angle  previous, current, constraint length\n",
      "    106    116   38.2    0.1384   0.1383      0.1383\n",
      "    107    109   32.0    0.1352   0.1350      0.1350\n",
      "\n",
      "Step 35, time 0.07 (ps)  LINCS WARNING\n",
      "relative constraint deviation after LINCS:\n",
      "rms 0.000003, max 0.000017 (between atoms 104 and 105)\n",
      "bonds that rotated more than 30 degrees:\n",
      " atom 1 atom 2  angle  previous, current, constraint length\n",
      "    106    116   38.2    0.1384   0.1383      0.1383\n",
      "    107    109   32.0    0.1352   0.1350      0.1350\n",
      "\n",
      "step 36: One or more water molecules can not be settled.\n",
      "Check for bad contacts and/or reduce the timestep if appropriate.\n",
      "\n",
      "step 36: One or more water molecules can not be settled.\n",
      "Check for bad contacts and/or reduce the timestep if appropriate.\n",
      "Wrote pdb files with previous and current coordinates\n",
      "Wrote pdb files with previous and current coordinates\n",
      "\n",
      "Step 38, time 0.076 (ps)  LINCS WARNING\n",
      "relative constraint deviation after LINCS:\n",
      "rms 0.036494, max 0.434660 (between atoms 107 and 109)\n",
      "bonds that rotated more than 30 degrees:\n",
      " atom 1 atom 2  angle  previous, current, constraint length\n",
      "    106    116   42.2    0.1383   0.1456      0.1383\n",
      "    116    117   42.8    0.1229   0.1282      0.1229\n",
      "    107    108   61.8    0.1080   0.1307      0.1080\n",
      "    107    109   89.4    0.1350   0.1937      0.1350\n",
      "    115    116   35.3    0.1358   0.1419      0.1358\n",
      "    109    110   83.9    0.1080   0.1531      0.1080\n",
      "    109    111   78.3    0.1433   0.1950      0.1433\n",
      "    111    112   48.4    0.1340   0.1536      0.1340\n",
      "\n",
      "Step 38, time 0.076 (ps)  LINCS WARNING\n",
      "relative constraint deviation after LINCS:\n",
      "rms 0.002738, max 0.052825 (between atoms 106 and 116)\n",
      "bonds that rotated more than 30 degrees:\n",
      " atom 1 atom 2  angle  previous, current, constraint length\n",
      "    106    116   42.2    0.1383   0.1456      0.1383\n",
      "    107    108   61.8    0.1080   0.1307      0.1080\n",
      "    107    109   89.4    0.1350   0.1937      0.1350\n",
      "    109    110   83.9    0.1080   0.1531      0.1080\n",
      "    109    111   78.3    0.1433   0.1950      0.1433\n",
      "    111    112   48.4    0.1340   0.1536      0.1340\n",
      "    115    116   35.3    0.1358   0.1419      0.1358\n",
      "    116    117   42.8    0.1229   0.1282      0.1229\n",
      "\n",
      "Step 44, time 0.088 (ps)  LINCS WARNING\n",
      "relative constraint deviation after LINCS:\n",
      "rms 0.000032, max 0.000426 (between atoms 74 and 75)\n",
      "bonds that rotated more than 30 degrees:\n",
      " atom 1 atom 2  angle  previous, current, constraint length\n",
      "     86     87   37.5    0.1368   0.1354      0.1354\n",
      "\n",
      "Step 44, time 0.088 (ps)  LINCS WARNING\n",
      "relative constraint deviation after LINCS:\n",
      "rms 0.000027, max 0.000378 (between atoms 77 and 78)\n",
      "bonds that rotated more than 30 degrees:\n",
      " atom 1 atom 2  angle  previous, current, constraint length\n",
      "     86     87   37.5    0.1368   0.1354      0.1354\n",
      "\n",
      "Step 45, time 0.09 (ps)  LINCS WARNING\n",
      "relative constraint deviation after LINCS:\n",
      "rms 0.012046, max 0.207470 (between atoms 77 and 78)\n",
      "bonds that rotated more than 30 degrees:\n",
      " atom 1 atom 2  angle  previous, current, constraint length\n",
      "     71     73   35.0    0.1475   0.1492      0.1475\n",
      "     73     87   34.7    0.1374   0.1458      0.1374\n",
      "     86     87  102.0    0.1354   0.1934      0.1354\n",
      "     82     86   75.8    0.1339   0.1775      0.1339\n",
      "     80     82   34.1    0.1381   0.1425      0.1381\n",
      "     78     80   35.3    0.1388   0.1479      0.1388\n",
      "     80     81   33.3    0.1010   0.1053      0.1010\n",
      "     74     75   51.0    0.1080   0.1144      0.1080\n",
      "     74     76   68.4    0.1304   0.1522      0.1304\n",
      "     77     78   77.9    0.1420   0.1713      0.1419\n",
      "     78     79   45.5    0.1229   0.1337      0.1229\n",
      "     77     87   61.0    0.1370   0.1491      0.1370\n",
      "     76     77   39.4    0.1391   0.1469      0.1391\n",
      "\n",
      "Step 45, time 0.09 (ps)  LINCS WARNING\n",
      "relative constraint deviation after LINCS:\n",
      "rms 0.021632, max 0.428247 (between atoms 86 and 87)\n",
      "bonds that rotated more than 30 degrees:\n",
      " atom 1 atom 2  angle  previous, current, constraint length\n",
      "     82     86   75.8    0.1339   0.1775      0.1339\n",
      "     80     81   33.3    0.1010   0.1053      0.1010\n",
      "     80     82   34.1    0.1381   0.1425      0.1381\n",
      "     77     78   77.9    0.1420   0.1713      0.1419\n",
      "     76     77   39.4    0.1391   0.1469      0.1391\n",
      "     74     76   68.4    0.1304   0.1522      0.1304\n",
      "     71     73   35.0    0.1475   0.1492      0.1475\n",
      "     74     75   51.0    0.1080   0.1144      0.1080\n",
      "     78     79   45.5    0.1229   0.1337      0.1229\n",
      "     78     80   35.3    0.1388   0.1479      0.1388\n",
      "     86     87  102.0    0.1354   0.1934      0.1354\n",
      "     73     87   34.7    0.1374   0.1458      0.1374\n",
      "     77     87   61.0    0.1370   0.1491      0.1370\n",
      "\n",
      "Step 47, time 0.094 (ps)  LINCS WARNING\n",
      "relative constraint deviation after LINCS:\n",
      "rms 0.000021, max 0.000258 (between atoms 74 and 75)\n",
      "bonds that rotated more than 30 degrees:\n",
      " atom 1 atom 2  angle  previous, current, constraint length\n",
      "     86     87   30.7    0.1354   0.1354      0.1354\n",
      "\n",
      "Step 47, time 0.094 (ps)  LINCS WARNING\n",
      "relative constraint deviation after LINCS:\n",
      "rms 0.000011, max 0.000203 (between atoms 76 and 77)\n",
      "bonds that rotated more than 30 degrees:\n",
      " atom 1 atom 2  angle  previous, current, constraint length\n",
      "     86     87   30.7    0.1354   0.1354      0.1354\n",
      "\n",
      "Step 48, time 0.096 (ps)  LINCS WARNING\n",
      "relative constraint deviation after LINCS:\n",
      "rms 0.000118, max 0.001900 (between atoms 77 and 78)\n",
      "bonds that rotated more than 30 degrees:\n",
      " atom 1 atom 2  angle  previous, current, constraint length\n",
      "     86     87   42.1    0.1354   0.1358      0.1354\n",
      "     74     75   33.8    0.1080   0.1081      0.1080\n",
      "     77     78   32.6    0.1419   0.1422      0.1419\n",
      "\n",
      "Step 48, time 0.096 (ps)  LINCS WARNING\n",
      "relative constraint deviation after LINCS:\n",
      "rms 0.000134, max 0.002627 (between atoms 86 and 87)\n",
      "bonds that rotated more than 30 degrees:\n",
      " atom 1 atom 2  angle  previous, current, constraint length\n",
      "     77     78   32.6    0.1419   0.1422      0.1419\n",
      "     74     75   33.8    0.1080   0.1081      0.1080\n",
      "     86     87   42.1    0.1354   0.1358      0.1354\n",
      "\n",
      "Step 49, time 0.098 (ps)  LINCS WARNING\n",
      "relative constraint deviation after LINCS:\n",
      "rms 0.000138, max 0.001869 (between atoms 74 and 75)\n",
      "bonds that rotated more than 30 degrees:\n",
      " atom 1 atom 2  angle  previous, current, constraint length\n",
      "     77     78   31.7    0.1422   0.1420      0.1419\n",
      "     86     87   43.7    0.1358   0.1355      0.1354\n",
      "     74     75   32.9    0.1081   0.1082      0.1080\n",
      "\n",
      "Step 49, time 0.098 (ps)  LINCS WARNING\n",
      "relative constraint deviation after LINCS:\n",
      "rms 0.000076, max 0.001260 (between atoms 76 and 77)\n",
      "bonds that rotated more than 30 degrees:\n",
      " atom 1 atom 2  angle  previous, current, constraint length\n",
      "     86     87   43.7    0.1358   0.1355      0.1354\n",
      "     74     75   32.9    0.1081   0.1082      0.1080\n",
      "     77     78   31.7    0.1422   0.1420      0.1419\n",
      "\n",
      "Step 50, time 0.1 (ps)  LINCS WARNING\n",
      "relative constraint deviation after LINCS:\n",
      "rms 0.053594, max 0.797477 (between atoms 77 and 78)\n",
      "bonds that rotated more than 30 degrees:\n",
      " atom 1 atom 2  angle  previous, current, constraint length\n",
      "     71     73   40.3    0.1477   0.1534      0.1475\n",
      "     73     74   39.3    0.1373   0.1394      0.1371\n",
      "     73     87   87.3    0.1375   0.2045      0.1374\n",
      "     86     87  131.5    0.1355   0.4689      0.1354\n",
      "     82     86  100.0    0.1339   0.2986      0.1339\n",
      "     80     82   43.3    0.1382   0.1575      0.1381\n",
      "     80     81   55.9    0.1010   0.1270      0.1010\n",
      "     74     75   71.1    0.1082   0.1371      0.1080\n",
      "     74     76   82.3    0.1304   0.2263      0.1304\n",
      "     76     77   60.2    0.1393   0.1549      0.1391\n",
      "     77     78  112.7    0.1420   0.2551      0.1419\n",
      "     78     79   70.2    0.1229   0.2017      0.1229\n",
      "     77     87   64.2    0.1371   0.2169      0.1370\n",
      "\n",
      "Step 50, time 0.1 (ps)  LINCS WARNING\n",
      "relative constraint deviation after LINCS:\n",
      "rms 0.111045, max 2.463368 (between atoms 86 and 87)\n",
      "bonds that rotated more than 30 degrees:\n",
      " atom 1 atom 2  angle  previous, current, constraint length\n",
      "     82     86  100.0    0.1339   0.2986      0.1339\n",
      "     80     81   55.9    0.1010   0.1270      0.1010\n",
      "     80     82   43.3    0.1382   0.1575      0.1381\n",
      "     77     78  112.7    0.1420   0.2551      0.1419\n",
      "     76     77   60.2    0.1393   0.1549      0.1391\n",
      "     74     76   82.3    0.1304   0.2263      0.1304\n",
      "     73     74   39.3    0.1373   0.1394      0.1371\n",
      "     71     73   40.3    0.1477   0.1534      0.1475\n",
      "     74     75   71.1    0.1082   0.1371      0.1080\n",
      "     78     79   70.2    0.1229   0.2017      0.1229\n",
      "     86     87  131.5    0.1355   0.4689      0.1354\n",
      "     73     87   87.3    0.1375   0.2045      0.1374\n",
      "     77     87   64.2    0.1371   0.2169      0.1370\n",
      "Wrote pdb files with previous and current coordinates\n",
      "Wrote pdb files with previous and current coordinates\n",
      "\n",
      "Step 53, time 0.106 (ps)  LINCS WARNING\n",
      "relative constraint deviation after LINCS:\n",
      "rms 0.000185, max 0.002746 (between atoms 77 and 78)\n",
      "bonds that rotated more than 30 degrees:\n",
      " atom 1 atom 2  angle  previous, current, constraint length\n",
      "     73     74   35.8    0.1371   0.1372      0.1371\n",
      "     86     87   43.7    0.1354   0.1360      0.1354\n",
      "     80     81   33.7    0.1010   0.1012      0.1010\n",
      "     74     75   42.3    0.1080   0.1082      0.1080\n",
      "     76     77   37.8    0.1391   0.1393      0.1391\n",
      "     77     78   33.3    0.1419   0.1423      0.1419\n",
      "\n",
      "Step 53, time 0.106 (ps)  LINCS WARNING\n",
      "relative constraint deviation after LINCS:\n",
      "rms 0.000247, max 0.004764 (between atoms 86 and 87)\n",
      "bonds that rotated more than 30 degrees:\n",
      " atom 1 atom 2  angle  previous, current, constraint length\n",
      "     80     81   33.7    0.1010   0.1012      0.1010\n",
      "     77     78   33.3    0.1419   0.1423      0.1419\n",
      "     76     77   37.8    0.1391   0.1393      0.1391\n",
      "     73     74   35.8    0.1371   0.1372      0.1371\n",
      "     74     75   42.3    0.1080   0.1082      0.1080\n",
      "     86     87   43.7    0.1354   0.1360      0.1354\n",
      "\n",
      "Step 54, time 0.108 (ps)  LINCS WARNING\n",
      "relative constraint deviation after LINCS:\n",
      "rms 0.000255, max 0.003811 (between atoms 74 and 75)\n",
      "bonds that rotated more than 30 degrees:\n",
      " atom 1 atom 2  angle  previous, current, constraint length\n",
      "     77     78   33.4    0.1423   0.1421      0.1419\n",
      "     86     87   47.8    0.1360   0.1356      0.1354\n",
      "     74     75   40.0    0.1082   0.1084      0.1080\n",
      "     76     77   32.8    0.1393   0.1395      0.1391\n",
      "\n",
      "Step 54, time 0.108 (ps)  LINCS WARNING\n",
      "relative constraint deviation after LINCS:\n",
      "rms 0.000131, max 0.002530 (between atoms 76 and 77)\n",
      "bonds that rotated more than 30 degrees:\n",
      " atom 1 atom 2  angle  previous, current, constraint length\n",
      "     86     87   47.8    0.1360   0.1356      0.1354\n",
      "     74     75   40.0    0.1082   0.1084      0.1080\n",
      "     76     77   32.8    0.1393   0.1395      0.1391\n",
      "     77     78   33.4    0.1423   0.1421      0.1419\n",
      "\n",
      "Step 55, time 0.11 (ps)  LINCS WARNING\n",
      "relative constraint deviation after LINCS:\n",
      "rms 0.144869, max 2.204887 (between atoms 77 and 78)\n",
      "bonds that rotated more than 30 degrees:\n",
      " atom 1 atom 2  angle  previous, current, constraint length\n",
      "     70     71   32.9    0.1411   0.1643      0.1410\n",
      "     71     72   43.5    0.1091   0.1365      0.1090\n",
      "     71     73   49.7    0.1478   0.1820      0.1475\n",
      "     73     74   47.5    0.1374   0.1589      0.1371\n",
      "     73     87  124.5    0.1376   0.2815      0.1374\n",
      "     86     87  127.5    0.1356   0.7311      0.1354\n",
      "     82     86  113.6    0.1339   0.3959      0.1339\n",
      "     80     82   57.6    0.1382   0.1895      0.1381\n",
      "     78     80   56.4    0.1388   0.1949      0.1388\n",
      "     80     81   97.1    0.1011   0.2070      0.1010\n",
      "     82     83   36.6    0.1341   0.1599      0.1340\n",
      "     74     75  103.0    0.1084   0.2199      0.1080\n",
      "     74     76  106.2    0.1304   0.3714      0.1304\n",
      "     76     77   71.3    0.1395   0.1874      0.1391\n",
      "     77     78  120.1    0.1421   0.4548      0.1419\n",
      "     78     79  102.8    0.1230   0.2810      0.1229\n",
      "     77     87   94.4    0.1371   0.3587      0.1370\n",
      "     90     91   31.1    0.1090   0.1226      0.1090\n",
      "\n",
      "Step 55, time 0.11 (ps)  LINCS WARNING\n",
      "relative constraint deviation after LINCS:\n",
      "rms 0.207747, max 4.399623 (between atoms 86 and 87)\n",
      "bonds that rotated more than 30 degrees:\n",
      " atom 1 atom 2  angle  previous, current, constraint length\n",
      "     82     83   36.6    0.1341   0.1599      0.1340\n",
      "     82     86  113.6    0.1339   0.3959      0.1339\n",
      "     80     81   97.1    0.1011   0.2070      0.1010\n",
      "     80     82   57.6    0.1382   0.1895      0.1381\n",
      "     77     78  120.1    0.1421   0.4548      0.1419\n",
